13429343
14234137
10649129
15866317
13993579
14601737
11871103
13063433
13603063
10334251
18258637
12153703
14017457
14796697
19975433
11780207
17271971
11090297
13471273
19520167
10825697
19099559
15339283
12111713
11433923
17448803
10163359
16749779
15216301
12543379
15651283
12130907
11176073
15706927
17046889
18374189
16969573
16262297
15554503
17759743
16559861
12609463
11440217
15615907
18018047
16126067
12570703
17859757
14035337
15263177
12435187
19423589
16391917
17761321
12293557
17236069
10333759
18561863
12760801
17589907
14946083
12556121
18299947
14979751
10598279
11082289
14516107
19339651
13844359
18483887
13381169
17486633
10452599
12826699
16499267
12153923
14361203
18308707
14297929
14286967
11427883
13152901
13448339
16127693
16495223
14080883
17095129
11574373
12461209
10936789
13773563
15754657
17533583
16562549
14728393
14354491
15611311
17254571
15122777
15557237
18501803
13061021
10306427
14586931
13188647
14225479
13480339
15901609
18148957
15929093
17484037
10400161
15220973
14741179
13557391
14366453
14220301
13110107
17678047
19192919
17305367
10170089
15617821
17036153
14065253
