19548959
14938709
19835113
15245861
16825453
10085351
15421199
14440813
18646723
19234759
13464643
17771629
12213007
11405981
10052753
10402687
16341713
10161911
10337413
19000673
16629071
13557991
12976877
14607973
10122923
11560741
13978901
18716837
10452361
14656073
17294591
14537231
13570729
11569517
16482377
11068609
15783923
17200829
17808317
11360407
13055923
10108369
17181761
13181533
10841573
17737981
12088487
15534143
16612721
17233429
15982301
17310863
14009843
19238957
19213627
15208937
13799939
10744793
17780717
15698651
10379209
12153511
17616341
15741811
18667433
15812711
17261107
13775701
16437067
11007083
13487381
18094177
14019823
14694703
16419811
18576583
13953997
15143327
10074937
11010971
15508903
10800793
11682109
19429013
17296817
10791881
12675577
14818087
10460539
17845889
11301929
14306363
18234779
17647373
13290491
14409649
19805549
12860711
10709669
13082863
18431711
11939773
16266967
13363657
14388989
10319671
13492091
13944323
16135813
17827801
18688577
11402329
10193191
17765203
18330101
12488309
17628251
17552263
15154421
19170451
16862893
13884809
12203623
12436063
15217583
15357163
12579113
19280101
13321279
13559827
10406321
19062397
18441673
15835349
12706513
15458551
12390121
15929933
16354747
16543687
17785447
11819839
11924483
15493349
15558799
14027327
12564319
18161383
15952367
18633073
