16019167
19946323
19903679
10777483
19093579
12191233
18587873
14354033
11705807
19558417
17079131
14076857
15773167
11246731
10662209
18679861
18588337
18314393
19900901
15817423
16655263
15017243
14424691
17197927
18543353
12137023
12757993
17994419
13810301
19652671
12368479
13744583
12254113
13795861
11541553
18115219
18027677
15056401
11280721
10633463
16323301
10369091
15980819
14141411
10756439
15835459
12958597
10100803
16862497
17020189
16372823
17031779
12900683
13397911
18552977
11257801
16468247
12229363
19668937
19244557
18926773
15872411
18418979
12730309
13816757
16707487
15463879
17159773
13834627
14094271
17465771
17016631
16219927
10672237
16834843
18815261
11037311
17510063
13894889
16201049
