11833403
17865707
14948677
16315669
17369873
16060321
10110007
14230877
16519141
12364889
10199821
17131633
10482323
15151541
10019459
14487959
17801219
13949417
19439591
14301197
15355723
15602443
10962227
10357663
14923043
17367929
17181257
13792733
14867627
12940897
14152351
14194049
15304903
13089941
10278977
14404727
11742901
17793023
14301409
13861513
14794469
10466317
13819301
17646973
18267523
15938267
12884689
11802779
19853221
19129829
17296309
16179857
17589721
14348083
15732809
18878183
11363879
11308373
13199687
19121749
14866927
16987249
14911427
13283639
19048129
19513657
18898487
12935771
16381847
18204587
11187769
18826151
18912763
17876563
12775319
18967811
11242901
13434611
18778153
11842777
16320919
18987053
12594679
17587681
16307741
16466273
16899383
15848629
16057441
16693499
19421641
18384787
10698599
12355451
18834037
19486793
17967239
13976489
14682053
12127343
