15 69 76 45 70 88 67 3 62 80 81 52 59 57 
94 18 81 77 29 97 98 12 1 69 11 5 24 33 
67 88 25 52 13 65 97 45 61 68 9 92 22 77 
59 95 60 83 81 0 40 44 3 45 64 9 85 24 
37 31 5 50 62 92 90 15 22 7 80 51 40 26 
17 7 43 80 85 59 10 64 13 25 58 61 6 91 
57 64 12 44 40 21 26 29 50 45 96 5 17 7 
43 34 41 19 99 12 7 40 33 60 67 75 87 22 
59 34 96 47 3 32 88 83 4 53 92 78 98 46 
35 6 65 24 76 93 87 34 50 81 39 59 16 26 
28 95 10 50 73 76 57 21 39 31 13 67 75 99 
1 77 28 45 81 27 23 67 86 74 84 68 92 44 
11 48 59 37 67 29 24 64 55 79 74 23 30 85 
52 70 92 44 99 2 34 77 23 65 53 29 95 93 
87 99 7 12 20 93 45 17 52 24 89 88 77 43 
93 88 77 66 68 83 82 13 92 76 45 53 21 19 
77 96 91 22 69 4 88 56 25 48 86 87 83 65 
4 33 44 50 88 71 59 6 94 90 99 95 34 16 
17 74 61 0 36 66 62 86 32 72 11 90 79 52 
89 2 28 13 61 11 90 43 50 64 27 74 87 98 
