29 35 19 78 77 76 88 11 
37 17 58 38 14 99 20 83 
71 60 69 72 10 42 73 79 
86 79 41 46 16 87 89 10 
81 79 15 50 5 46 70 30 
3 48 13 79 64 14 43 82 
42 32 3 59 47 0 12 39 
10 47 48 76 13 36 6 22 
41 82 46 12 90 35 77 40 
62 57 92 7 34 70 66 80 
63 41 87 77 86 39 44 23 
45 59 72 15 41 36 51 8 
12 31 21 18 71 32 37 7 
32 72 68 97 59 56 18 5 
14 97 29 60 38 33 15 57 
74 91 84 63 55 5 80 90 
43 89 99 19 50 53 49 44 
64 85 36 81 5 3 19 14 
12 59 0 68 44 79 41 74 
13 69 85 56 12 70 93 37 
57 91 66 82 38 92 88 84 
73 28 67 50 19 63 29 56 
53 17 80 65 82 59 5 72 
34 81 30 48 93 75 66 12 
52 7 26 28 43 2 79 6 
33 51 27 88 40 46 18 87 
48 11 94 8 79 50 52 2 
95 77 9 37 43 13 33 75 
19 13 94 17 30 58 51 24 
87 67 41 50 5 55 34 72 
19 86 98 12 70 0 57 95 
54 96 0 28 50 30 10 77 
19 84 47 63 45 24 14 18 
52 95 16 37 89 53 86 85 
90 14 26 79 61 29 86 78 
80 6 83 93 98 27 10 18 
3 18 2 8 66 95 29 91 
88 51 36 44 21 94 1 47 
19 49 94 88 62 83 68 4 
17 82 11 70 24 4 59 91 
31 9 43 59 99 6 23 20 
43 99 70 56 79 33 8 95 
21 8 72 62 46 51 56 14 
10 96 79 71 0 93 66 75 
31 37 91 49 70 60 72 32 
15 50 81 79 83 0 20 27 
99 96 59 8 23 72 98 36 
61 18 65 62 72 27 26 48 
54 11 88 14 51 57 83 75 
78 67 28 47 76 44 50 3 
