49 96 78 38 79 70 5 74 22 62 15 
86 14 49 53 40 30 44 46 89 50 84 
46 36 27 91 33 75 67 96 19 32 97 
87 20 49 33 94 39 13 0 44 4 70 
65 38 58 51 86 55 11 74 47 76 23 
8 89 93 63 49 48 15 55 3 83 31 
92 81 42 70 45 74 54 82 66 76 25 
45 42 84 57 64 52 77 63 95 11 37 
33 4 45 19 79 94 21 77 20 87 0 
45 93 82 31 92 23 70 51 95 36 5 
65 71 37 15 74 7 95 12 26 34 45 
42 78 48 72 46 82 1 51 13 50 88 
92 26 11 8 38 84 93 0 33 86 60 
20 29 19 10 72 42 97 2 44 83 67 
30 39 19 41 69 80 34 57 7 8 55 
39 24 87 52 19 47 7 76 66 92 9 
64 50 85 90 1 22 19 63 59 62 35 
58 53 64 2 3 49 83 36 10 47 44 
89 94 18 45 58 6 30 81 19 78 75 
84 44 70 7 11 60 34 23 16 53 45 
1 3 35 56 43 91 57 51 8 44 13 
28 89 75 20 7 37 45 55 64 49 58 
70 93 56 79 38 46 33 22 49 57 19 
91 70 75 42 7 71 52 6 10 33 66 
23 51 35 90 3 47 65 43 52 77 74 
59 15 43 22 1 11 64 85 48 16 51 
94 73 88 7 36 72 27 61 79 86 24 
67 81 23 24 96 7 57 47 3 62 32 
30 36 81 7 41 5 96 92 4 18 78 
25 64 38 15 69 60 74 54 77 97 55 
58 8 54 7 5 23 77 57 12 6 99 
50 27 82 43 7 76 67 20 65 62 84 
51 11 67 29 93 87 3 68 10 64 95 
99 40 77 12 81 73 92 45 29 37 47 
78 89 1 37 3 40 96 82 34 67 8 
61 25 37 41 81 21 35 33 73 8 87 
39 32 42 47 20 38 80 0 7 75 40 
50 66 31 52 18 7 5 20 78 55 21 
25 52 34 87 64 28 56 58 97 30 55 
78 45 19 95 65 98 63 75 10 23 88 
63 74 62 72 51 98 54 47 55 5 68 
16 14 92 52 6 53 24 61 18 79 44 
2 54 79 77 22 63 31 39 6 43 4 
5 78 21 51 73 20 89 80 2 96 26 
30 87 75 39 69 79 45 2 1 6 10 
16 60 76 13 39 54 61 59 23 90 42 
66 11 2 67 71 79 30 49 8 77 27 
42 55 20 52 29 96 46 47 44 61 63 
41 89 45 28 64 79 86 21 92 18 16 
87 38 85 47 86 94 84 35 71 90 55 
